00000
00000
00000
00000
00006
00060
00063
00068
00059
00042
00044
00015
00041
00030
00032
00021
00014
00016
00018
00008
00017
00014
00012
00012
00012
00009
00005
00013
00002
00007
00003
00002
00007
00008
00000
00004
00005
00004
00004
00004
00004
00004
00002
00005
00005
00002
00003
00001
00003
00003
00005
00003
00002
00002
00002
00002
00000
00003
00002
00004
00001
00002
00001
00001
00003
00004
00002
00004
00000
00001
00002
00001
00001
00000
00000
00001
00001
00001
00000
00001
00000
00000
00000
00000
00002
00002
00002
00000
00000
00001
00000
00000
00000
00000
00000
00000
00001
00000
00000
00000
00000
00000
00000
00000
00000
00000
00000
00000
00000
00000
00000
00000
00000
00000
00000
00000
00000
00001
00000
00000
00000
00000
00000
00000
00000
00001
00000
00000
00001
00000
00001
00000
00000
00000
00001
00000
00000
00000
00000
00000
00000
00001
00000
00000
00000
00000
00000
00000
00000
00000
00000
00000
00000
00000
00000
00000
00000
00000
00000
00000
00000
00000
00001
00000
00000
00000
00000
00001
00000
00000
00000
00001
00000
00000
00000
00000
00000
00001
00000
00000
00000
00000
00000
00000
00000
00001
00000
00000
00000
00000
00000
00000
00000
00000
00001
00000
00000
00000
00000
00000
00000
00000
00000
00000
00000
00000
00000
00000
00001
00000
00000
00001
00000
00000
00000
00000
00000
00000
00001
00000
00000
00000
00000
00000
00000
00000
00000
00000
00000
00000
00000
00000
00000
00000
00000
00000
00000
00000
00000
00000
00000
00000
00003
00000
00000
00000
00000
00000
00000
00000
00000
00000
00000
00000
00000
00000
