00000
00002
00005
00006
00341
03477
05266
04895
04804
03795
03607
02939
03040
02423
02271
01917
01886
01707
01570
01355
01398
01228
01079
01010
01076
00885
00864
00738
00672
00610
00602
00469
00523
00487
00489
00417
00466
00420
00408
00343
00425
00344
00338
00282
00320
00267
00291
00216
00246
00235
00217
00223
00256
00202
00211
00168
00194
00181
00164
00165
00154
00140
00166
00184
00141
00143
00128
00142
00133
00108
00125
00088
00098
00084
00096
00092
00112
00089
00086
00088
00082
00068
00070
00059
00083
00066
00060
00063
00097
00099
00108
00029
00024
00033
00018
00012
00019
00017
00014
00015
00018
00014
00016
00009
00014
00014
00017
00017
00012
00015
00006
00006
00016
00011
00018
00020
00018
00016
00013
00008
00011
00011
00006
00007
00013
00005
00011
00011
00012
00011
00014
00009
00011
00006
00009
00008
00015
00008
00013
00018
00008
00013
00011
00007
00006
00009
00012
00012
00008
00010
00012
00011
00011
00008
00008
00005
00009
00012
00005
00010
00008
00010
00008
00007
00009
00005
00016
00012
00007
00008
00005
00009
00007
00008
00010
00004
00003
00008
00009
00006
00006
00009
00004
00009
00003
00003
00007
00001
00007
00006
00007
00009
00008
00005
00005
00009
00005
00007
00004
00003
00009
00009
00005
00006
00008
00013
00006
00001
00007
00004
00006
00004
00006
00004
00010
00005
00002
00005
00010
00003
00005
00002
00003
00001
00002
00000
00004
00000
00001
00002
00003
00002
00001
00008
00003
00000
00002
00001
00001
00001
00002
00004
00001
00022
00256
00000
00000
00000
00000
00000
00000
00000
00000
00000
00000
00000
