00224
00348
00238
00060
00179
00958
01213
00927
00872
00727
00635
00535
00508
00457
00428
00328
00335
00269
00293
00233
00259
00199
00172
00177
00160
00147
00159
00093
00120
00118
00091
00073
00107
00095
00086
00064
00076
00073
00062
00064
00061
00069
00070
00053
00051
00044
00040
00023
00054
00032
00035
00037
00035
00031
00030
00028
00040
00027
00030
00021
00031
00025
00025
00032
00028
00021
00027
00023
00023
00008
00027
00017
00026
00014
00020
00014
00020
00014
00011
00008
00018
00019
00008
00009
00008
00007
00011
00009
00008
00011
00006
00006
00004
00004
00001
00003
00007
00000
00002
00003
00000
00005
00004
00003
00003
00003
00002
00002
00001
00000
00001
00002
00001
00001
00003
00003
00004
00001
00001
00004
00003
00001
00001
00003
00003
00001
00001
00003
00002
00001
00002
00000
00003
00004
00002
00001
00002
00002
00002
00002
00001
00001
00000
00002
00003
00001
00003
00003
00004
00004
00001
00000
00000
00002
00002
00002
00002
00001
00000
00003
00002
00002
00001
00001
00002
00002
00002
00000
00001
00002
00002
00000
00001
00003
00000
00002
00000
00000
00001
00000
00000
00002
00001
00002
00001
00002
00001
00002
00001
00000
00000
00001
00002
00004
00002
00001
00001
00000
00001
00001
00001
00001
00001
00000
00000
00001
00001
00000
00002
00001
00000
00000
00001
00000
00002
00001
00003
00000
00002
00001
00000
00000
00000
00002
00000
00001
00001
00001
00000
00000
00001
00001
00001
00000
00001
00002
00000
00000
00000
00000
00000
00000
00000
00011
00017
00001
00000
00000
00000
00000
00000
00000
00000
00000
00000
00000
