00000
00000
00000
00000
00095
01082
01531
01277
01274
01054
00904
00758
00771
00650
00535
00490
00503
00411
00406
00330
00359
00323
00269
00280
00241
00213
00204
00149
00171
00141
00137
00123
00153
00144
00105
00090
00130
00096
00086
00114
00109
00080
00081
00077
00087
00064
00063
00056
00068
00048
00054
00048
00066
00055
00044
00048
00048
00045
00047
00045
00045
00049
00038
00050
00030
00027
00030
00033
00025
00037
00026
00027
00033
00022
00022
00023
00021
00022
00019
00023
00016
00025
00027
00021
00030
00020
00027
00011
00021
00012
00019
00006
00008
00005
00004
00008
00006
00001
00008
00005
00006
00005
00004
00000
00005
00000
00001
00004
00005
00003
00003
00002
00005
00004
00003
00002
00005
00003
00003
00002
00001
00001
00003
00004
00004
00005
00002
00004
00008
00006
00000
00003
00003
00002
00006
00002
00000
00002
00002
00002
00004
00002
00001
00003
00004
00003
00006
00000
00001
00002
00001
00002
00001
00000
00000
00001
00003
00003
00006
00000
00004
00004
00001
00004
00001
00003
00001
00002
00003
00001
00002
00003
00001
00001
00004
00003
00000
00003
00000
00001
00001
00000
00002
00000
00001
00000
00001
00000
00002
00001
00002
00001
00002
00003
00001
00002
00002
00005
00002
00000
00000
00001
00002
00001
00001
00000
00001
00000
00002
00000
00002
00001
00001
00001
00001
00001
00001
00002
00002
00001
00001
00001
00001
00000
00001
00000
00000
00000
00001
00002
00002
00000
00001
00003
00002
00003
00000
00003
00000
00000
00001
00001
00000
00078
00003
00000
00000
00000
00000
00000
00000
00000
00000
00000
00000
00000
