00000
00000
00001
00000
00018
00125
00210
00171
00180
00137
00132
00093
00106
00087
00070
00054
00059
00053
00051
00047
00041
00042
00036
00023
00045
00024
00025
00039
00027
00014
00019
00013
00020
00016
00012
00016
00012
00011
00015
00010
00010
00010
00006
00012
00008
00009
00004
00007
00010
00004
00006
00008
00004
00006
00008
00004
00010
00006
00003
00004
00004
00003
00005
00007
00006
00006
00004
00006
00004
00005
00003
00005
00003
00003
00006
00004
00003
00006
00006
00005
00002
00003
00002
00001
00004
00002
00001
00003
00001
00001
00000
00002
00000
00000
00000
00002
00000
00000
00000
00001
00000
00000
00000
00000
00000
00000
00001
00001
00000
00000
00000
00000
00000
00001
00001
00000
00002
00000
00000
00000
00001
00000
00000
00000
00000
00000
00001
00000
00000
00000
00000
00001
00002
00000
00000
00000
00001
00001
00001
00002
00003
00000
00001
00000
00001
00002
00002
00000
00000
00001
00000
00001
00000
00001
00000
00000
00001
00000
00000
00000
00000
00000
00001
00000
00000
00000
00001
00000
00000
00000
00001
00001
00000
00000
00001
00000
00001
00000
00000
00000
00000
00001
00000
00000
00000
00000
00002
00000
00001
00000
00000
00001
00000
00000
00000
00000
00000
00000
00000
00000
00000
00000
00000
00000
00000
00000
00000
00000
00000
00000
00000
00000
00000
00000
00000
00001
00000
00000
00001
00001
00000
00000
00000
00000
00001
00000
00000
00001
00000
00000
00000
00000
00001
00000
00000
00001
00000
00000
00000
00000
00000
00000
00000
00011
00000
00000
00000
00000
00000
00000
00000
00000
00000
00000
00000
00000
