00000
00000
00000
00000
00013
00150
00174
00163
00144
00114
00096
00074
00080
00048
00060
00050
00046
00038
00045
00032
00041
00020
00034
00021
00019
00027
00014
00013
00020
00011
00017
00014
00009
00006
00008
00015
00014
00016
00006
00006
00011
00011
00012
00007
00008
00008
00004
00004
00010
00012
00012
00005
00005
00008
00009
00002
00003
00008
00003
00005
00007
00005
00002
00008
00002
00004
00001
00003
00002
00002
00001
00001
00004
00000
00004
00004
00002
00002
00001
00003
00001
00003
00006
00002
00001
00002
00002
00001
00000
00000
00001
00001
00002
00001
00000
00000
00000
00000
00000
00000
00000
00002
00000
00000
00001
00000
00000
00000
00000
00001
00000
00000
00000
00001
00000
00000
00000
00002
00000
00001
00000
00000
00000
00000
00001
00001
00000
00000
00001
00000
00000
00001
00001
00000
00000
00003
00001
00000
00000
00000
00002
00000
00000
00000
00000
00000
00000
00000
00000
00000
00002
00001
00000
00000
00000
00000
00001
00000
00000
00001
00001
00000
00000
00001
00000
00000
00000
00000
00001
00000
00001
00000
00001
00001
00000
00000
00001
00001
00000
00000
00000
00000
00000
00001
00000
00000
00000
00000
00000
00000
00000
00000
00000
00000
00000
00002
00000
00000
00000
00000
00000
00000
00000
00000
00000
00000
00000
00000
00000
00000
00000
00000
00000
00000
00000
00000
00000
00000
00000
00000
00000
00000
00000
00000
00000
00000
00000
00000
00000
00001
00000
00000
00000
00000
00000
00000
00000
00000
00000
00000
00000
00000
00000
00003
00002
00000
00000
00000
00000
00000
00000
00000
00000
00000
00000
00000
