00000
00000
00000
00001
00173
02137
03291
02998
02969
02333
02205
01843
01773
01497
01411
01208
01177
01032
00973
00826
00752
00719
00691
00577
00618
00545
00496
00420
00474
00393
00335
00272
00321
00308
00275
00262
00261
00246
00236
00227
00242
00186
00187
00184
00185
00177
00162
00105
00140
00138
00145
00135
00134
00108
00127
00095
00121
00109
00102
00095
00106
00087
00087
00094
00085
00089
00061
00071
00088
00073
00077
00056
00074
00065
00068
00061
00060
00051
00054
00042
00067
00052
00049
00034
00038
00025
00035
00030
00047
00051
00062
00026
00019
00010
00013
00014
00010
00013
00006
00011
00006
00010
00004
00008
00009
00006
00008
00010
00012
00006
00005
00002
00006
00011
00002
00010
00006
00007
00012
00006
00008
00007
00009
00006
00004
00002
00010
00007
00008
00006
00008
00004
00006
00005
00005
00011
00007
00002
00003
00004
00009
00003
00006
00006
00007
00007
00011
00007
00007
00003
00003
00004
00010
00002
00006
00004
00008
00004
00007
00003
00006
00006
00005
00006
00006
00005
00003
00006
00008
00002
00010
00003
00002
00005
00003
00001
00004
00003
00005
00006
00003
00004
00005
00005
00003
00002
00003
00003
00004
00006
00005
00005
00002
00004
00005
00005
00009
00003
00005
00003
00002
00002
00004
00003
00003
00002
00003
00002
00002
00001
00002
00000
00001
00001
00003
00001
00002
00001
00005
00003
00000
00001
00000
00001
00003
00003
00002
00002
00001
00001
00002
00002
00004
00000
00001
00002
00002
00000
00001
00002
00001
00000
00002
00002
00158
00013
00005
00000
00000
00000
00000
00000
00000
00000
00000
00000
