00000
00000
00000
00000
00000
00000
00000
00000
00000
00000
00000
00000
00000
00000
00000
00000
00000
00000
00000
00000
00000
00000
00001
00000
00001
00001
00001
00000
00001
00000
00000
00001
00000
00000
00000
00000
00000
00002
00002
00000
00000
00001
00001
00000
00000
00001
00001
00003
00001
00000
00001
00001
00000
00000
00000
00001
00000
00000
00000
00000
00001
00000
00000
00000
00000
00000
00000
00001
00000
00000
00001
00000
00002
00004
00001
00001
00003
00010
00008
00013
00015
00008
00018
00023
00028
00028
00020
00038
00024
00023
00023
00021
00021
00017
00017
00009
00013
00007
00005
00008
00007
00004
00005
00005
00003
00002
00002
00006
00001
00001
00004
00001
00002
00002
00003
00001
00001
00002
00002
00003
00000
00002
00002
00002
00002
00000
00001
00000
00002
00001
00001
00001
00005
00000
00002
00003
00000
00001
00003
00001
00001
00001
00000
00002
00001
00000
00001
00000
00001
00000
00001
00000
00001
00004
00001
00000
00001
00000
00001
00000
00001
00000
00003
00001
00002
00001
00000
00000
00001
00000
00000
00000
00001
00000
00000
00000
00000
00000
00001
00000
00001
00001
00001
00000
00000
00000
00001
00001
00000
00000
00001
00000
00000
00000
00001
00000
00000
00000
00000
00000
00001
00000
00000
00000
00000
00001
00000
00001
00000
00000
00001
00000
00000
00001
00001
00000
00000
00001
00001
00000
00000
00001
00000
00000
00000
00000
00000
00000
00001
00000
00000
00000
00000
00000
00000
00000
00000
00000
00000
00000
00000
00000
00000
00000
00000
00000
00000
00000
00000
00000
00000
00000
00000
00000
00000
00000
