00000
00000
00002
00001
00094
00977
01360
01207
01165
00931
00844
00752
00742
00607
00545
00506
00448
00419
00399
00290
00368
00282
00268
00239
00233
00176
00216
00166
00197
00141
00152
00125
00122
00109
00119
00088
00120
00098
00098
00083
00089
00076
00073
00074
00075
00059
00062
00048
00072
00049
00064
00064
00053
00051
00053
00045
00055
00026
00045
00050
00041
00047
00033
00042
00039
00029
00028
00035
00031
00028
00034
00028
00029
00028
00027
00021
00027
00020
00026
00019
00011
00017
00020
00014
00017
00021
00019
00015
00023
00014
00022
00006
00006
00005
00005
00004
00003
00003
00003
00005
00003
00001
00002
00003
00002
00003
00002
00007
00003
00003
00002
00004
00004
00002
00000
00005
00003
00000
00000
00004
00003
00005
00001
00002
00004
00002
00004
00005
00006
00002
00003
00003
00006
00001
00002
00004
00001
00001
00002
00004
00003
00007
00001
00003
00003
00006
00002
00005
00004
00003
00001
00000
00002
00003
00000
00003
00000
00001
00001
00001
00004
00001
00002
00003
00001
00003
00004
00000
00001
00001
00002
00002
00000
00001
00004
00001
00003
00002
00000
00001
00003
00001
00001
00007
00002
00004
00003
00003
00003
00001
00001
00000
00002
00001
00001
00001
00005
00000
00000
00002
00002
00000
00001
00001
00003
00001
00000
00003
00001
00002
00003
00003
00000
00001
00002
00000
00001
00001
00000
00002
00000
00000
00000
00002
00000
00001
00000
00000
00000
00003
00003
00001
00000
00000
00001
00001
00001
00000
00002
00000
00000
00000
00002
00062
00000
00000
00000
00000
00000
00000
00000
00000
00000
00000
00000
00000
