00000
00001
00001
00004
00157
02017
03126
02933
02816
02406
02184
01761
01858
01393
01376
01239
01182
01046
00958
00797
00822
00728
00671
00608
00606
00534
00507
00497
00450
00352
00368
00312
00300
00319
00294
00265
00270
00222
00242
00214
00228
00213
00197
00170
00184
00167
00194
00125
00147
00109
00145
00124
00130
00124
00128
00090
00113
00122
00121
00075
00106
00104
00090
00101
00090
00065
00071
00079
00089
00053
00067
00048
00067
00048
00070
00049
00057
00049
00051
00029
00040
00062
00042
00046
00037
00039
00044
00032
00041
00055
00060
00012
00016
00012
00007
00010
00011
00008
00012
00007
00008
00011
00006
00002
00006
00011
00008
00006
00010
00013
00010
00006
00016
00003
00003
00007
00005
00009
00010
00005
00005
00005
00011
00009
00003
00006
00005
00003
00008
00008
00004
00008
00013
00010
00003
00003
00003
00003
00008
00011
00006
00009
00006
00005
00004
00006
00007
00004
00006
00007
00002
00008
00009
00004
00006
00006
00011
00004
00005
00005
00007
00004
00005
00004
00008
00002
00006
00005
00006
00006
00003
00002
00006
00007
00005
00007
00003
00004
00004
00001
00004
00005
00005
00004
00003
00002
00006
00006
00005
00007
00002
00004
00003
00005
00002
00007
00002
00001
00004
00004
00005
00002
00003
00004
00002
00004
00004
00000
00002
00002
00002
00003
00000
00004
00001
00001
00003
00001
00000
00002
00002
00002
00004
00001
00001
00002
00002
00000
00000
00002
00002
00000
00001
00005
00002
00004
00002
00002
00000
00002
00002
00004
00000
00002
00117
00002
00007
00001
00000
00000
00000
00000
00000
00000
00000
00000
