00000
00000
00000
00000
00055
00552
00797
00729
00714
00536
00496
00396
00409
00368
00337
00283
00274
00242
00220
00171
00167
00164
00135
00126
00114
00122
00110
00107
00100
00082
00080
00070
00062
00072
00069
00059
00057
00055
00056
00054
00049
00045
00027
00035
00049
00025
00043
00035
00033
00029
00034
00030
00033
00037
00032
00019
00023
00029
00024
00018
00026
00020
00022
00022
00013
00014
00024
00024
00019
00019
00019
00015
00013
00009
00014
00005
00016
00014
00019
00012
00014
00011
00004
00011
00010
00010
00009
00007
00013
00011
00005
00001
00006
00004
00004
00001
00000
00001
00005
00002
00002
00002
00000
00000
00000
00002
00002
00001
00000
00001
00002
00000
00003
00001
00003
00001
00004
00001
00003
00000
00001
00001
00000
00001
00000
00003
00005
00003
00002
00002
00002
00002
00003
00002
00001
00004
00002
00002
00001
00002
00001
00001
00000
00002
00000
00000
00003
00001
00003
00000
00002
00001
00002
00001
00001
00000
00001
00001
00000
00002
00000
00000
00001
00001
00004
00001
00002
00001
00001
00002
00000
00001
00002
00000
00001
00000
00004
00003
00001
00000
00000
00002
00002
00002
00000
00001
00000
00001
00000
00001
00002
00001
00001
00000
00001
00002
00001
00002
00000
00001
00000
00001
00001
00001
00000
00003
00001
00001
00000
00001
00001
00000
00000
00000
00001
00001
00000
00000
00000
00001
00003
00000
00000
00001
00000
00000
00000
00000
00000
00000
00000
00001
00000
00002
00000
00000
00000
00000
00000
00001
00000
00000
00000
00018
00019
00000
00000
00000
00000
00000
00000
00000
00000
00000
00000
00000
