00000
00003
00004
00001
00190
02049
03251
02915
02870
02308
02074
01802
01738
01410
01378
01188
01111
01035
00925
00825
00831
00735
00666
00589
00621
00505
00487
00461
00435
00372
00365
00298
00333
00310
00273
00253
00265
00232
00257
00209
00218
00196
00169
00168
00204
00157
00174
00126
00152
00132
00144
00117
00138
00126
00125
00089
00109
00101
00116
00098
00089
00099
00080
00098
00083
00071
00067
00064
00088
00067
00059
00047
00066
00065
00048
00056
00040
00041
00047
00041
00039
00051
00028
00042
00038
00035
00042
00045
00050
00049
00055
00009
00017
00021
00017
00014
00014
00011
00008
00007
00005
00008
00011
00015
00008
00007
00011
00003
00016
00016
00007
00004
00010
00011
00005
00005
00009
00005
00011
00008
00008
00007
00009
00005
00003
00012
00006
00010
00010
00005
00008
00008
00008
00011
00004
00004
00003
00005
00007
00005
00005
00006
00008
00008
00003
00007
00004
00006
00007
00005
00002
00007
00008
00007
00005
00006
00006
00006
00004
00004
00007
00011
00002
00003
00007
00003
00005
00004
00003
00003
00007
00000
00007
00006
00003
00007
00004
00005
00001
00000
00003
00005
00004
00006
00008
00006
00002
00003
00006
00006
00004
00003
00004
00002
00007
00003
00002
00002
00005
00002
00005
00001
00005
00001
00003
00003
00003
00000
00003
00002
00003
00000
00005
00003
00002
00001
00001
00003
00001
00001
00001
00001
00002
00001
00002
00002
00001
00001
00001
00000
00002
00001
00001
00003
00005
00001
00001
00001
00001
00002
00005
00000
00000
00042
00083
00010
00002
00000
00000
00000
00000
00000
00000
00000
00000
00000
