00000
00000
00000
00000
00006
00073
00088
00064
00071
00061
00046
00047
00031
00035
00032
00020
00032
00025
00013
00019
00015
00021
00011
00016
00012
00008
00012
00012
00014
00004
00007
00009
00012
00002
00008
00003
00005
00008
00002
00004
00003
00004
00002
00002
00004
00004
00003
00003
00002
00003
00004
00007
00003
00003
00000
00002
00005
00001
00000
00003
00003
00003
00005
00004
00001
00002
00002
00004
00001
00002
00002
00002
00002
00000
00002
00001
00002
00002
00000
00002
00002
00001
00001
00000
00001
00001
00001
00002
00001
00000
00000
00002
00000
00000
00001
00000
00000
00000
00000
00001
00000
00000
00000
00000
00001
00000
00000
00000
00000
00000
00001
00000
00000
00000
00000
00000
00000
00000
00000
00000
00000
00000
00000
00000
00000
00000
00000
00000
00000
00000
00000
00001
00001
00000
00000
00000
00000
00000
00000
00000
00000
00000
00000
00000
00000
00000
00000
00000
00000
00000
00000
00000
00000
00001
00001
00000
00000
00000
00000
00000
00001
00000
00000
00000
00000
00000
00000
00000
00000
00000
00001
00000
00000
00000
00000
00001
00000
00000
00000
00000
00000
00000
00000
00001
00000
00000
00000
00000
00000
00000
00000
00000
00000
00000
00000
00000
00000
00000
00000
00000
00000
00000
00000
00000
00000
00000
00000
00000
00000
00000
00000
00000
00000
00000
00000
00000
00000
00000
00000
00000
00000
00000
00000
00000
00000
00000
00000
00001
00000
00000
00000
00000
00000
00000
00000
00000
00000
00000
00000
00000
00000
00000
00000
00001
00001
00000
00000
00000
00000
00000
00000
00000
00000
00000
00000
00000
