00000
00001
00000
00001
00163
01738
02660
02327
02350
01821
01575
01363
01404
01068
00994
00847
00847
00731
00704
00603
00692
00533
00525
00443
00500
00396
00368
00329
00349
00267
00250
00225
00251
00211
00221
00200
00223
00176
00162
00173
00175
00158
00149
00139
00145
00127
00131
00084
00117
00118
00102
00088
00104
00112
00087
00077
00086
00064
00068
00069
00083
00058
00069
00074
00067
00050
00043
00059
00050
00049
00041
00030
00048
00043
00039
00043
00043
00048
00044
00051
00034
00036
00031
00038
00040
00035
00029
00032
00043
00026
00030
00016
00011
00008
00008
00010
00016
00007
00006
00006
00009
00005
00006
00006
00006
00005
00004
00006
00003
00007
00005
00004
00005
00006
00003
00008
00002
00012
00006
00007
00004
00002
00004
00003
00002
00003
00014
00001
00007
00011
00007
00007
00005
00003
00009
00002
00004
00007
00009
00004
00003
00003
00002
00007
00007
00007
00001
00007
00005
00004
00001
00003
00005
00001
00002
00003
00007
00005
00002
00001
00005
00001
00002
00003
00006
00003
00002
00002
00001
00005
00002
00003
00005
00002
00004
00005
00007
00001
00005
00003
00003
00002
00004
00003
00001
00002
00001
00004
00006
00004
00003
00001
00000
00006
00003
00001
00003
00004
00001
00001
00005
00004
00002
00003
00003
00003
00000
00002
00004
00001
00004
00001
00001
00002
00001
00002
00001
00003
00004
00001
00000
00000
00002
00001
00000
00000
00004
00000
00002
00001
00001
00002
00001
00000
00002
00000
00000
00001
00000
00004
00002
00000
00002
00089
00024
00002
00000
00000
00000
00000
00000
00000
00000
00000
00000
00000
