00000
00001
00001
00000
00115
01120
01788
01627
01597
01231
01144
00951
00987
00830
00699
00622
00604
00570
00520
00452
00459
00406
00371
00336
00324
00273
00265
00238
00235
00199
00201
00156
00189
00152
00154
00122
00163
00110
00108
00125
00131
00099
00104
00111
00098
00085
00101
00073
00084
00082
00094
00077
00077
00063
00073
00076
00065
00068
00061
00057
00054
00043
00050
00065
00045
00039
00043
00045
00046
00031
00030
00033
00042
00040
00024
00025
00034
00029
00019
00034
00031
00027
00019
00016
00019
00027
00027
00021
00023
00021
00019
00006
00004
00006
00007
00007
00004
00007
00006
00007
00003
00003
00004
00002
00007
00002
00003
00003
00003
00000
00006
00003
00006
00003
00008
00002
00003
00005
00006
00001
00006
00005
00003
00003
00007
00001
00003
00006
00006
00004
00001
00004
00005
00003
00001
00005
00006
00001
00002
00001
00003
00006
00004
00001
00004
00004
00004
00002
00004
00002
00002
00006
00004
00001
00001
00003
00004
00002
00008
00003
00005
00001
00004
00002
00005
00003
00007
00002
00003
00000
00004
00003
00002
00002
00001
00004
00003
00004
00004
00001
00001
00001
00000
00004
00002
00003
00002
00000
00003
00000
00001
00003
00002
00001
00001
00000
00002
00003
00002
00001
00002
00001
00001
00002
00002
00001
00004
00000
00004
00001
00001
00002
00003
00001
00001
00002
00001
00001
00000
00001
00001
00001
00001
00000
00002
00002
00000
00002
00000
00002
00002
00000
00001
00002
00001
00000
00001
00000
00000
00003
00000
00000
00000
00013
00066
00001
00000
00000
00000
00000
00000
00000
00000
00000
00000
00000
