00000
00002
00002
00003
00258
03042
04745
04340
04104
03201
03248
02758
02594
02250
02008
01681
01611
01534
01477
01209
01245
01074
01033
00882
00992
00764
00793
00649
00650
00516
00485
00447
00457
00426
00377
00404
00417
00368
00377
00297
00325
00301
00352
00257
00304
00278
00262
00208
00233
00209
00185
00170
00185
00207
00166
00145
00185
00131
00174
00147
00167
00168
00137
00153
00137
00131
00144
00106
00107
00087
00089
00090
00113
00082
00094
00076
00101
00091
00080
00062
00082
00077
00058
00077
00054
00061
00041
00044
00072
00086
00082
00026
00031
00019
00020
00021
00016
00009
00017
00009
00013
00014
00011
00009
00011
00012
00014
00016
00007
00013
00011
00004
00010
00009
00012
00008
00015
00012
00008
00015
00011
00008
00012
00012
00008
00011
00013
00009
00012
00008
00012
00009
00010
00010
00008
00011
00007
00008
00014
00013
00007
00017
00007
00007
00011
00007
00013
00006
00015
00012
00012
00014
00011
00009
00008
00009
00003
00009
00008
00003
00013
00004
00010
00005
00005
00007
00007
00002
00005
00007
00007
00011
00006
00008
00008
00007
00009
00007
00008
00006
00011
00014
00008
00005
00003
00006
00009
00009
00006
00007
00010
00010
00003
00008
00008
00003
00008
00006
00009
00006
00005
00005
00001
00004
00003
00004
00003
00008
00004
00005
00003
00003
00005
00001
00003
00002
00006
00007
00003
00000
00007
00002
00001
00003
00002
00004
00003
00001
00003
00000
00006
00004
00003
00001
00004
00005
00002
00000
00000
00000
00003
00000
00001
00039
00176
00001
00000
00000
00000
00000
00000
00000
00000
00000
00000
00000
