00000
00001
00000
00001
00088
01107
01711
01523
01465
01170
01039
00890
00870
00704
00692
00627
00567
00495
00460
00407
00445
00341
00331
00277
00285
00298
00271
00213
00221
00169
00177
00130
00173
00153
00134
00136
00131
00116
00115
00093
00112
00082
00094
00084
00093
00091
00065
00055
00068
00072
00065
00058
00082
00053
00065
00065
00062
00059
00052
00059
00042
00049
00040
00054
00043
00046
00033
00034
00039
00041
00044
00024
00023
00020
00030
00022
00032
00023
00023
00030
00032
00023
00024
00020
00023
00019
00022
00023
00022
00024
00011
00012
00006
00004
00011
00007
00008
00001
00005
00005
00007
00004
00005
00003
00001
00006
00004
00003
00007
00007
00000
00002
00002
00001
00002
00001
00005
00004
00008
00001
00001
00006
00000
00001
00005
00004
00000
00002
00004
00002
00007
00002
00003
00002
00001
00004
00003
00003
00006
00001
00006
00001
00006
00001
00002
00007
00007
00003
00001
00001
00002
00003
00002
00001
00005
00005
00003
00000
00006
00000
00002
00003
00003
00001
00005
00006
00001
00004
00000
00002
00002
00001
00008
00004
00003
00002
00003
00001
00001
00002
00002
00004
00002
00003
00003
00000
00002
00001
00004
00005
00002
00004
00000
00002
00001
00000
00001
00001
00000
00000
00004
00002
00003
00002
00004
00001
00002
00000
00001
00003
00001
00001
00002
00001
00001
00000
00004
00001
00000
00001
00002
00002
00001
00001
00002
00001
00000
00000
00003
00001
00000
00003
00001
00001
00000
00000
00000
00000
00000
00001
00000
00000
00000
00001
00071
00000
00000
00000
00000
00000
00000
00000
00000
00000
00000
00000
