00000
00000
00000
00000
00001
00034
00048
00041
00032
00020
00036
00020
00016
00015
00016
00015
00009
00015
00008
00004
00008
00007
00002
00007
00010
00007
00004
00002
00005
00003
00010
00005
00007
00008
00003
00003
00000
00003
00001
00002
00000
00002
00001
00001
00001
00002
00001
00001
00001
00000
00000
00000
00002
00002
00004
00000
00001
00001
00000
00000
00001
00000
00003
00001
00000
00003
00000
00000
00000
00000
00000
00002
00000
00001
00001
00001
00000
00000
00000
00001
00001
00000
00000
00003
00001
00001
00000
00001
00000
00000
00000
00000
00000
00000
00000
00000
00000
00001
00000
00000
00000
00000
00000
00000
00000
00000
00000
00000
00000
00000
00000
00000
00000
00000
00001
00001
00000
00000
00000
00000
00000
00000
00000
00000
00000
00000
00000
00001
00000
00000
00000
00000
00000
00000
00000
00000
00000
00000
00000
00000
00000
00000
00000
00000
00000
00000
00000
00000
00000
00000
00000
00000
00000
00001
00000
00000
00000
00001
00000
00000
00000
00000
00000
00000
00000
00000
00000
00000
00000
00000
00000
00000
00000
00001
00000
00000
00000
00000
00000
00000
00000
00000
00000
00000
00000
00000
00000
00000
00000
00000
00000
00000
00000
00000
00000
00000
00000
00000
00000
00000
00000
00000
00000
00000
00000
00000
00000
00000
00000
00000
00000
00000
00000
00000
00000
00000
00000
00000
00000
00000
00000
00000
00000
00000
00000
00000
00000
00000
00000
00000
00000
00000
00000
00000
00000
00000
00000
00000
00000
00000
00000
00000
00000
00000
00001
00000
00000
00000
00000
00000
00000
00000
00000
00000
00000
00000
