00000
00000
00001
00003
00070
00843
01292
01165
01103
00926
00878
00746
00729
00602
00583
00486
00492
00437
00399
00354
00363
00268
00250
00211
00238
00246
00220
00185
00170
00142
00145
00116
00114
00104
00115
00091
00092
00099
00105
00075
00081
00065
00073
00078
00078
00067
00080
00056
00064
00047
00047
00057
00069
00040
00044
00040
00051
00051
00038
00039
00034
00038
00035
00056
00030
00041
00039
00046
00031
00028
00021
00029
00026
00026
00024
00013
00016
00024
00017
00016
00012
00019
00016
00014
00010
00026
00016
00015
00020
00017
00031
00014
00011
00003
00010
00003
00008
00003
00003
00003
00003
00005
00003
00001
00002
00004
00005
00004
00006
00002
00002
00001
00003
00005
00005
00002
00002
00004
00003
00003
00002
00003
00004
00003
00000
00003
00002
00001
00001
00001
00001
00003
00001
00006
00003
00004
00001
00002
00003
00002
00004
00005
00003
00003
00003
00000
00001
00004
00002
00002
00004
00002
00001
00001
00003
00005
00002
00001
00003
00000
00001
00002
00002
00003
00004
00002
00003
00002
00001
00003
00007
00003
00003
00001
00002
00000
00002
00003
00000
00003
00001
00001
00002
00001
00002
00001
00004
00002
00001
00000
00000
00001
00000
00003
00000
00001
00001
00001
00002
00001
00001
00000
00001
00003
00000
00000
00002
00002
00000
00004
00001
00001
00000
00001
00001
00002
00004
00003
00000
00002
00000
00001
00000
00002
00001
00000
00000
00000
00000
00000
00000
00001
00000
00001
00001
00000
00001
00000
00000
00001
00001
00000
00000
00000
00049
00000
00000
00000
00000
00000
00000
00000
00000
00000
00000
00000
