00000
00000
00001
00000
00038
00361
00530
00470
00471
00383
00321
00238
00230
00204
00215
00169
00160
00133
00137
00128
00106
00073
00092
00077
00083
00073
00072
00055
00049
00052
00049
00039
00050
00038
00051
00042
00041
00040
00026
00027
00042
00017
00031
00024
00026
00024
00020
00013
00019
00026
00019
00022
00021
00010
00010
00015
00024
00015
00022
00011
00010
00015
00018
00013
00009
00015
00010
00010
00009
00005
00011
00002
00014
00012
00008
00005
00003
00006
00005
00010
00006
00009
00008
00005
00005
00008
00005
00008
00005
00002
00002
00001
00004
00000
00001
00003
00001
00003
00001
00000
00002
00002
00001
00000
00000
00002
00001
00001
00001
00000
00004
00000
00001
00001
00000
00001
00002
00001
00000
00000
00001
00001
00001
00003
00000
00004
00000
00002
00003
00001
00000
00002
00001
00004
00000
00001
00000
00001
00001
00001
00000
00000
00001
00000
00002
00000
00000
00001
00000
00000
00001
00001
00001
00000
00002
00001
00001
00001
00001
00001
00002
00000
00001
00001
00002
00000
00000
00001
00000
00001
00001
00001
00000
00000
00001
00000
00000
00000
00000
00000
00002
00002
00001
00002
00002
00001
00000
00000
00002
00002
00000
00000
00000
00000
00000
00000
00000
00000
00001
00002
00000
00000
00000
00000
00000
00000
00000
00002
00002
00000
00001
00000
00000
00000
00000
00000
00000
00001
00000
00000
00000
00001
00001
00000
00000
00000
00000
00000
00000
00000
00000
00000
00000
00002
00001
00000
00000
00000
00000
00000
00001
00000
00008
00008
00000
00000
00000
00000
00000
00000
00000
00000
00000
00000
00000
00000
