00000
00000
00002
00000
00182
01665
02435
02108
02019
01662
01556
01283
01210
01016
01027
00824
00825
00762
00669
00572
00606
00508
00488
00445
00407
00353
00374
00284
00310
00260
00244
00215
00219
00208
00185
00160
00205
00174
00149
00138
00161
00142
00127
00126
00131
00106
00115
00077
00102
00088
00105
00089
00099
00089
00095
00077
00088
00079
00075
00064
00066
00062
00052
00087
00064
00075
00052
00047
00057
00036
00045
00047
00049
00037
00038
00047
00047
00036
00040
00039
00039
00029
00020
00019
00027
00036
00026
00029
00035
00027
00014
00010
00010
00007
00014
00008
00011
00006
00005
00006
00010
00003
00007
00003
00005
00006
00003
00005
00003
00003
00006
00004
00001
00007
00009
00003
00004
00004
00006
00009
00004
00002
00002
00003
00003
00000
00004
00006
00003
00004
00002
00003
00007
00004
00002
00004
00004
00009
00003
00003
00005
00001
00003
00002
00004
00001
00002
00002
00000
00003
00002
00002
00002
00006
00000
00003
00003
00003
00004
00004
00003
00003
00006
00003
00004
00003
00004
00004
00000
00005
00002
00006
00003
00004
00002
00003
00004
00004
00001
00002
00002
00003
00005
00002
00003
00002
00004
00002
00005
00007
00001
00003
00005
00002
00002
00002
00002
00002
00002
00002
00006
00001
00002
00006
00001
00001
00003
00001
00004
00002
00002
00002
00000
00001
00003
00001
00001
00003
00004
00003
00001
00003
00001
00002
00000
00000
00000
00003
00002
00002
00003
00001
00000
00001
00000
00000
00001
00001
00000
00000
00003
00000
00001
00080
00004
00001
00000
00000
00000
00000
00000
00000
00000
00000
00000
00000
