00000
00000
00000
00000
00005
00058
00074
00049
00051
00042
00030
00034
00026
00020
00028
00022
00015
00016
00012
00011
00016
00007
00015
00003
00014
00010
00007
00005
00004
00003
00002
00005
00005
00006
00007
00005
00005
00002
00005
00003
00003
00003
00002
00004
00004
00001
00004
00005
00003
00006
00001
00000
00000
00002
00004
00001
00002
00002
00001
00000
00002
00000
00001
00001
00003
00000
00000
00001
00002
00001
00001
00002
00002
00001
00000
00000
00000
00001
00002
00000
00001
00001
00002
00002
00002
00000
00001
00001
00000
00000
00000
00001
00001
00001
00000
00000
00001
00001
00000
00001
00000
00000
00000
00000
00000
00000
00001
00001
00000
00000
00000
00000
00000
00000
00000
00000
00000
00000
00000
00001
00000
00000
00000
00000
00000
00000
00000
00000
00001
00000
00000
00001
00000
00000
00000
00000
00000
00000
00000
00000
00001
00000
00000
00000
00000
00000
00000
00000
00000
00000
00000
00000
00000
00000
00000
00000
00000
00000
00000
00000
00001
00000
00000
00000
00000
00000
00000
00001
00000
00000
00000
00000
00000
00000
00000
00000
00000
00000
00000
00000
00000
00000
00001
00000
00000
00000
00000
00000
00000
00000
00000
00000
00000
00000
00000
00000
00000
00000
00001
00000
00001
00000
00000
00000
00000
00000
00000
00000
00000
00000
00000
00000
00000
00000
00000
00000
00000
00000
00000
00000
00000
00000
00000
00000
00000
00000
00000
00000
00000
00000
00000
00000
00000
00000
00000
00000
00000
00000
00000
00000
00000
00000
00000
00005
00000
00000
00000
00000
00000
00000
00000
00000
00000
00000
00000
00000
