00000
00001
00005
00002
00186
02130
03342
03223
03061
02440
02319
02038
01876
01535
01448
01266
01222
01119
00978
00856
00903
00708
00699
00639
00677
00546
00604
00450
00422
00398
00383
00310
00292
00319
00314
00296
00298
00254
00280
00217
00257
00205
00193
00186
00187
00181
00151
00135
00180
00140
00129
00138
00125
00125
00127
00132
00124
00120
00121
00094
00111
00082
00109
00129
00088
00073
00110
00071
00089
00083
00063
00064
00075
00059
00053
00041
00059
00057
00051
00050
00056
00041
00047
00035
00053
00034
00037
00030
00049
00050
00061
00020
00014
00013
00017
00007
00017
00008
00011
00009
00013
00012
00008
00003
00010
00008
00004
00004
00014
00006
00009
00008
00007
00009
00005
00006
00011
00009
00007
00007
00005
00009
00009
00010
00009
00008
00012
00008
00011
00008
00005
00007
00006
00006
00010
00006
00003
00004
00004
00007
00008
00009
00002
00002
00008
00006
00004
00004
00006
00006
00007
00004
00006
00003
00005
00003
00011
00007
00007
00008
00003
00004
00008
00007
00004
00005
00003
00003
00004
00005
00001
00004
00007
00005
00005
00003
00011
00007
00002
00006
00004
00003
00003
00005
00003
00002
00002
00002
00004
00005
00003
00003
00004
00003
00005
00001
00004
00005
00004
00003
00005
00003
00003
00001
00004
00003
00005
00000
00003
00005
00001
00001
00006
00002
00000
00002
00000
00002
00002
00002
00002
00001
00001
00004
00002
00003
00000
00001
00001
00002
00003
00002
00003
00002
00001
00001
00002
00000
00003
00000
00002
00000
00002
00021
00105
00000
00000
00000
00000
00000
00000
00000
00000
00000
00000
00000
