00000
00002
00002
00001
00128
01537
02327
02152
02049
01735
01524
01293
01316
01096
00990
00901
00814
00751
00644
00612
00629
00523
00475
00423
00448
00343
00388
00288
00346
00275
00228
00191
00203
00190
00217
00198
00190
00168
00158
00144
00172
00142
00129
00140
00143
00121
00124
00093
00120
00094
00103
00100
00109
00082
00106
00063
00090
00084
00082
00066
00090
00077
00071
00068
00067
00058
00051
00039
00040
00042
00049
00034
00059
00031
00046
00038
00051
00030
00036
00043
00025
00038
00033
00025
00031
00018
00033
00025
00025
00032
00047
00009
00017
00013
00013
00009
00008
00007
00006
00006
00005
00006
00003
00009
00003
00011
00003
00008
00005
00010
00007
00006
00005
00008
00006
00006
00002
00004
00005
00001
00006
00004
00004
00009
00006
00002
00007
00008
00007
00002
00005
00007
00005
00004
00005
00004
00003
00006
00001
00002
00008
00000
00004
00003
00006
00006
00006
00006
00002
00003
00005
00001
00003
00003
00002
00004
00002
00001
00006
00003
00002
00005
00001
00005
00002
00003
00003
00005
00004
00005
00005
00003
00002
00001
00003
00001
00003
00003
00004
00001
00003
00002
00000
00003
00004
00004
00001
00005
00000
00002
00001
00003
00000
00004
00001
00003
00001
00001
00002
00007
00002
00002
00004
00002
00001
00001
00002
00008
00000
00002
00001
00002
00005
00001
00000
00000
00003
00002
00000
00000
00001
00000
00002
00002
00001
00000
00001
00002
00002
00002
00001
00003
00003
00004
00001
00001
00000
00000
00001
00001
00001
00000
00000
00004
00092
00000
00000
00000
00000
00000
00000
00000
00000
00000
00000
00000
