00000
00002
00003
00004
00320
03424
05090
04723
04585
03688
03429
02964
02882
02358
02200
01824
01753
01641
01556
01285
01332
01108
01122
00930
01002
00835
00794
00680
00713
00574
00586
00455
00504
00450
00463
00415
00463
00415
00396
00327
00322
00337
00291
00281
00309
00280
00254
00211
00238
00227
00207
00214
00229
00175
00207
00170
00172
00158
00179
00149
00157
00163
00150
00181
00120
00137
00123
00104
00102
00129
00129
00078
00117
00083
00106
00110
00110
00074
00089
00078
00067
00069
00089
00057
00058
00054
00063
00061
00080
00088
00093
00025
00027
00024
00024
00015
00017
00013
00012
00015
00016
00020
00016
00014
00011
00010
00009
00011
00015
00009
00010
00014
00018
00018
00011
00011
00009
00015
00013
00009
00009
00017
00008
00013
00011
00008
00011
00017
00008
00007
00014
00006
00012
00010
00008
00011
00012
00010
00017
00007
00008
00015
00015
00008
00006
00006
00005
00005
00012
00011
00008
00007
00011
00004
00009
00003
00011
00006
00008
00007
00011
00005
00009
00007
00006
00009
00005
00007
00006
00010
00009
00008
00012
00006
00006
00004
00009
00005
00004
00006
00007
00007
00003
00004
00007
00006
00008
00006
00007
00002
00004
00010
00007
00005
00008
00006
00003
00005
00003
00009
00004
00008
00011
00003
00003
00005
00003
00005
00003
00001
00004
00004
00008
00003
00001
00001
00006
00004
00005
00004
00003
00002
00005
00003
00003
00003
00003
00005
00003
00001
00003
00002
00003
00003
00002
00004
00002
00001
00003
00005
00006
00000
00001
00029
00205
00004
00000
00000
00000
00000
00000
00000
00000
00000
00000
00000
