0
0.4
0.7
1.1
1.4
1.7
2.0
2.5
2.7
3.0
3.2
3.5
3.7
4.0
4.2
4.5
4.7
5.0
5.2
5.4
5.7
5.8
6.1
6.2
6.4
6.7
6.9
7.2
7.3
7.5
7.8
8.0
8.2
8.4
8.7
8.8
9.0
9.3
9.4
9.7
9.9
10.0
10.3
10.5
10.6
10.9
11.0
11.3
11.4
11.6
11.8
12.0
12.1
12.4
12.6
12.7
12.9
13.1
13.2
13.5
13.6
13.9
14.0
14.2
14.4
14.5
14.7
14.9
15.1
15.2
15.3
15.6
15.7
15.8
16.0
16.2
16.3
16.5
16.6
16.8
17.0
17.1
17.2
17.3
17.4
17.6
17.7
17.8
17.9
18.2
18.3
18.4
18.6
18.7
18.8
18.9
19.1
19.2
19.3
19.4
19.6
19.7
19.8
19.9
20.0
20.2
20.2
20.3
20.4
20.5
20.7
20.8
20.8
20.9
21.0
21.2
21.2
21.3
21.4
21.5
21.5
21.7
21.8
32.9
32.9
22.0
22.2
22.2
22.3
22.4
22.4
22.5
22.6
22.6
22.8
22.8
22.9
22.9
23.0
23.0
23.1
23.3
23.3
23.4
23.4
23.5
23.5
23.6
23.6
23.8
23.8
23.8
23.9
23.9
24.0
24.0
24.0
24.1
24.1
24.3
24.3
24.3
24.4
24.4
24.4
24.5
24.5
24.5
24.6
24.6
24.6
24.6
24.8
24.8
24.8
24.8
24.8
24.8
24.8
24.8
24.8
24.8
24.8
24.8
24.8
24.8
24.8
24.8
24.8
24.8
24.8
24.8
24.8
24.8
24.8
24.8
24.8
24.8
24.8
24.8
24.8
24.8
24.8
24.8
24.8
24.8
24.8
24.8
24.8
24.8
24.8
24.8
24.8
24.8
24.8
24.8
24.8
24.8
24.8
24.8
24.8
24.8
24.8
24.8
24.8
24.8
24.8
24.8
24.8
24.8
24.8
24.8
24.8
24.8
24.8
24.8
24.8
24.8
24.8
24.8
24.8
24.8
24.8
24.8
24.8
24.8
24.8
24.8
24.8
24.8
24.8
24.8
24.8
24.8
24.8
24.8
