00000
00000
00000
00000
00143
01716
02413
02148
02050
01689
01553
01253
01259
01030
01008
00808
00844
00703
00656
00598
00548
00470
00507
00403
00420
00351
00331
00314
00309
00248
00218
00194
00193
00197
00206
00185
00178
00168
00145
00136
00147
00151
00127
00112
00137
00129
00115
00102
00098
00121
00093
00081
00109
00099
00079
00081
00088
00077
00072
00056
00069
00072
00063
00070
00067
00063
00039
00054
00059
00050
00050
00048
00045
00039
00045
00046
00037
00033
00030
00026
00021
00024
00024
00029
00040
00020
00026
00025
00040
00022
00022
00005
00014
00008
00010
00009
00002
00014
00015
00001
00003
00006
00008
00006
00007
00004
00005
00004
00005
00002
00005
00004
00004
00006
00008
00007
00006
00008
00007
00006
00007
00003
00005
00001
00004
00006
00004
00006
00000
00008
00002
00006
00006
00004
00002
00001
00007
00008
00007
00002
00004
00004
00003
00001
00002
00004
00005
00004
00002
00010
00006
00004
00004
00004
00008
00003
00004
00005
00004
00004
00002
00003
00005
00003
00000
00006
00003
00005
00003
00004
00002
00003
00003
00005
00002
00002
00002
00005
00005
00003
00003
00006
00002
00002
00004
00005
00003
00003
00004
00003
00000
00004
00001
00000
00003
00003
00002
00002
00003
00001
00000
00007
00000
00007
00005
00002
00003
00002
00000
00002
00002
00001
00000
00001
00004
00003
00000
00002
00001
00002
00001
00003
00000
00000
00003
00003
00002
00001
00002
00001
00000
00001
00002
00001
00001
00000
00002
00000
00000
00001
00001
00000
00000
00094
00000
00000
00000
00000
00000
00000
00000
00000
00000
00000
00000
00000
