00000
00000
00001
00000
00043
00454
00735
00656
00571
00490
00426
00344
00371
00286
00269
00217
00243
00193
00186
00150
00161
00153
00145
00094
00128
00106
00102
00083
00072
00073
00055
00043
00060
00056
00054
00052
00062
00054
00053
00043
00045
00040
00042
00040
00042
00036
00027
00026
00028
00036
00025
00023
00042
00026
00027
00014
00024
00015
00017
00020
00025
00020
00023
00022
00014
00012
00009
00013
00023
00011
00007
00012
00015
00012
00007
00015
00011
00010
00008
00012
00014
00009
00010
00010
00011
00013
00006
00002
00006
00005
00007
00004
00002
00006
00001
00004
00001
00002
00000
00004
00003
00003
00002
00003
00001
00002
00001
00002
00003
00000
00001
00000
00001
00003
00005
00002
00000
00002
00001
00001
00002
00002
00001
00000
00000
00001
00000
00000
00004
00002
00002
00003
00001
00000
00003
00001
00002
00004
00002
00002
00003
00001
00003
00002
00001
00001
00001
00001
00000
00001
00001
00000
00002
00002
00000
00000
00002
00001
00000
00000
00000
00003
00000
00001
00001
00001
00002
00000
00001
00002
00002
00000
00002
00001
00001
00001
00001
00000
00002
00000
00001
00001
00000
00001
00000
00001
00001
00001
00001
00000
00001
00002
00003
00002
00001
00000
00000
00001
00001
00000
00001
00001
00000
00000
00001
00001
00000
00001
00001
00000
00000
00000
00000
00000
00002
00000
00000
00001
00001
00001
00000
00001
00000
00000
00002
00001
00000
00000
00001
00001
00001
00000
00000
00000
00000
00001
00000
00000
00000
00000
00000
00000
00000
00000
00020
00003
00001
00000
00000
00000
00000
00000
00000
00000
00000
00000
