00000
00000
00000
00000
00008
00119
00145
00149
00127
00097
00092
00070
00078
00054
00053
00046
00040
00038
00029
00034
00030
00029
00032
00021
00015
00019
00011
00013
00014
00013
00019
00012
00010
00018
00008
00010
00015
00013
00010
00009
00011
00005
00014
00005
00003
00006
00004
00004
00005
00007
00006
00004
00010
00005
00004
00006
00003
00002
00002
00004
00003
00004
00006
00007
00004
00003
00005
00000
00003
00002
00005
00004
00004
00004
00001
00001
00006
00003
00003
00000
00001
00004
00000
00001
00000
00003
00000
00001
00001
00003
00000
00002
00000
00000
00000
00000
00000
00001
00000
00001
00000
00000
00000
00001
00000
00000
00000
00000
00001
00000
00000
00000
00000
00001
00003
00002
00000
00000
00000
00000
00000
00000
00001
00000
00000
00000
00000
00000
00000
00001
00000
00000
00000
00000
00000
00000
00000
00002
00000
00000
00001
00000
00000
00001
00000
00000
00000
00000
00000
00000
00001
00000
00000
00000
00000
00001
00001
00000
00000
00000
00000
00000
00000
00000
00000
00000
00000
00000
00000
00000
00000
00000
00000
00000
00000
00001
00001
00000
00000
00000
00001
00000
00000
00000
00000
00000
00001
00000
00000
00000
00000
00000
00001
00001
00000
00000
00000
00000
00000
00000
00000
00000
00000
00000
00000
00000
00000
00000
00000
00000
00000
00000
00000
00000
00000
00000
00000
00000
00001
00000
00001
00000
00000
00000
00000
00000
00000
00000
00000
00000
00000
00000
00000
00000
00000
00000
00000
00000
00000
00001
00000
00000
00000
00007
00000
00000
00000
00000
00000
00000
00000
00000
00000
00000
00000
00000
