00000
00001
00002
00001
00215
02227
03179
03025
03024
02350
02120
01840
01809
01526
01371
01216
01127
01008
00992
00794
00829
00737
00666
00594
00657
00508
00494
00425
00430
00359
00342
00258
00342
00287
00272
00257
00290
00242
00263
00202
00187
00221
00200
00179
00188
00173
00173
00119
00182
00157
00137
00142
00132
00126
00110
00100
00097
00086
00090
00099
00101
00086
00105
00108
00079
00073
00087
00077
00077
00075
00060
00055
00055
00059
00051
00046
00051
00067
00050
00047
00038
00073
00035
00055
00047
00053
00048
00045
00043
00054
00042
00022
00009
00020
00008
00013
00011
00010
00013
00011
00007
00007
00007
00005
00009
00007
00007
00006
00003
00009
00008
00010
00008
00005
00004
00008
00007
00008
00008
00007
00010
00010
00007
00010
00005
00007
00010
00004
00009
00008
00004
00007
00012
00006
00009
00002
00006
00008
00007
00009
00004
00002
00002
00002
00004
00009
00001
00006
00003
00005
00003
00005
00006
00010
00009
00005
00008
00009
00005
00004
00006
00007
00004
00005
00008
00005
00003
00008
00009
00002
00004
00003
00004
00003
00002
00004
00004
00002
00003
00002
00003
00004
00006
00001
00005
00004
00003
00007
00004
00002
00003
00006
00005
00003
00002
00003
00005
00002
00003
00004
00010
00003
00004
00003
00000
00002
00006
00001
00003
00002
00006
00000
00001
00005
00003
00007
00003
00003
00002
00002
00001
00000
00001
00001
00004
00003
00005
00001
00001
00002
00004
00004
00002
00004
00002
00001
00005
00001
00001
00002
00004
00000
00002
00087
00059
00000
00000
00000
00000
00000
00000
00000
00000
00000
00000
00000
